G-C265	1	1	1	1	2	2	2	2	2	2	2	2	1	1	2	2	1	1	2	1	1	2	1	2	1	2	1	1	1	2	2	2	1	1	2	2	1	2	1	2	2	2	2	2	1	2	1	1	2	2	1	1	1	2	1	2	1	2	1	2	1	2	1	2	1	2	1	1
C2080	1	1	1	1	2	2	2	2	2	2	2	2	1	1	2	2	1	1	2	2	2	2	1	1	1	1	1	1	1	1	2	2	1	1	1	2	2	2	1	1	2	2	2	2	2	2	1	1	2	2	1	1	1	1	2	2	2	2	2	2	1	1	2	2	2	2	1	1
C919	2	2	1	1	1	1	1	1	1	1	1	1	2	2	1	1	1	1	2	2	1	1	1	1	1	1	1	2	1	1	1	2	1	1	2	2	1	2	1	1	1	2	1	2	2	2	1	2	1	2	1	2	1	2	1	2	2	2	1	2	1	1	2	2	2	2	1	2
C2152	1	1	1	1	2	2	2	2	2	2	2	2	1	1	2	2	1	1	2	2	2	2	1	2	1	1	1	1	1	1	2	2	1	1	2	2	2	2	1	1	2	2	2	2	2	2	1	1	2	2	1	1	1	1	2	2	2	2	2	2	1	1	2	2	1	2	1	1
G-QEG282	1	1	1	1	2	2	2	2	2	2	2	2	1	1	2	2	1	1	2	1	1	2	1	1	1	2	1	1	1	2	2	2	1	1	2	2	1	2	1	2	2	2	2	2	1	2	1	1	2	2	1	1	1	2	1	2	1	2	1	2	1	2	1	2	2	2	1	1
C184	1	2	1	1	1	2	1	2	1	2	1	2	1	2	1	2	1	1	2	2	1	2	1	1	1	1	1	2	1	1	1	2	1	1	2	2	1	2	1	1	1	2	1	2	2	2	1	2	1	2	1	2	1	2	1	2	2	2	1	2	1	1	2	2	1	2	1	2
G-EBHG66	1	1	1	1	2	2	2	2	2	2	2	2	1	1	2	2	1	1	2	1	1	2	1	1	1	1	1	1	1	2	2	2	1	1	1	2	1	2	1	2	2	2	2	2	1	2	1	1	2	2	1	1	1	2	1	2	2	2	1	2	1	2	1	2	2	2	1	1
G-QEG92	1	2	1	1	1	2	1	2	1	2	1	2	1	2	1	2	1	1	2	2	1	2	1	1	1	1	1	1	1	1	2	2	1	1	2	2	2	2	1	1	2	2	2	2	2	2	1	1	2	2	1	1	1	1	2	2	2	2	2	2	1	1	2	2	2	2	1	1
C181	1	1	1	1	2	2	2	2	2	2	2	2	1	1	2	2	1	1	2	2	2	2	1	1	1	1	1	1	1	1	2	2	1	1	2	2	2	2	1	1	2	2	2	2	2	2	1	1	2	2	1	1	1	1	2	2	2	2	2	2	1	1	2	2	2	2	1	1
C114	1	1	1	1	2	2	2	2	2	2	2	2	1	1	2	2	1	1	2	2	2	2	1	2	1	1	1	1	1	1	2	2	1	1	2	2	2	2	1	1	2	2	2	2	2	2	1	1	2	2	1	1	1	1	2	2	2	2	2	2	1	1	2	2	1	2	1	1
G-QEG210	1	1	1	1	2	2	2	2	2	2	2	2	1	1	2	2	1	1	2	2	2	2	1	2	1	1	1	1	1	1	2	2	1	1	2	2	2	2	1	1	2	2	2	2	2	2	1	1	2	2	1	1	1	1	2	2	2	2	2	2	1	1	2	2	1	2	1	1
C735	1	1	1	2	2	2	2	2	2	2	2	2	1	1	2	2	1	1	1	1	1	1	1	1	1	2	1	1	2	2	2	2	1	1	2	2	1	1	2	2	2	2	2	2	1	1	1	1	2	2	1	1	2	2	1	1	1	1	1	1	2	2	1	1	2	2	1	1
G-C303	1	1	1	2	2	2	2	2	2	2	2	2	1	1	2	2	1	1	2	1	1	2	1	2	1	2	1	1	1	2	2	2	1	1	2	2	1	2	1	2	2	2	2	2	1	2	1	1	2	2	1	1	1	2	1	2	1	2	1	2	1	2	1	2	1	2	1	1
G-C420	1	1	1	1	2	2	2	2	2	2	2	2	1	1	2	2	1	1	2	1	1	2	1	1	1	1	1	1	1	2	2	2	1	1	2	2	1	2	1	2	2	2	2	2	1	2	1	1	2	2	1	1	1	2	1	2	1	2	1	2	1	2	1	2	1	2	1	1
C927	1	2	1	1	1	2	1	2	1	2	1	2	1	2	1	2	1	1	1	2	1	1	1	1	1	1	1	2	1	1	1	2	1	1	2	2	1	1	1	2	1	2	1	2	2	2	1	2	1	2	1	2	1	2	1	2	2	2	1	2	1	1	2	2	1	2	1	2
C2175	1	1	1	1	2	2	2	2	2	2	2	2	1	1	2	2	1	1	2	2	2	2	1	2	1	1	1	1	1	1	2	2	1	1	2	2	2	2	1	1	2	2	2	2	2	2	1	1	2	2	1	1	1	1	2	2	2	2	2	2	1	1	2	2	1	2	1	1
G-QEG203	1	1	1	1	2	2	2	2	2	2	2	2	1	1	2	2	1	1	2	1	1	2	1	1	1	1	1	1	1	2	2	2	1	1	2	2	1	2	1	2	2	2	2	2	1	2	1	1	2	2	1	1	1	2	1	2	1	2	1	2	1	2	1	2	1	2	1	1
G-BMHG16	1	1	1	2	2	2	2	2	2	2	2	2	1	1	2	2	1	1	2	1	1	2	1	1	1	2	1	1	1	2	2	2	1	1	2	2	1	2	1	2	2	2	2	2	1	2	1	1	2	2	1	1	1	2	1	2	1	2	1	2	1	2	1	2	2	2	1	1
G-QEG76	1	2	1	1	1	1	1	2	1	1	1	2	1	2	1	2	1	1	2	2	1	2	1	1	1	1	2	1	1	1	1	2	1	1	2	2	1	1	1	1	1	2	1	2	2	2	1	2	1	2	1	2	2	2	1	1	2	2	1	1	1	1	2	2	1	2	1	2
G-C236	1	2	1	1	1	2	1	2	1	2	1	2	1	2	1	2	1	1	2	2	1	2	1	1	1	1	1	1	1	1	2	2	1	1	2	2	2	2	1	1	2	2	2	2	2	2	1	1	2	2	1	1	1	1	2	2	2	2	2	2	1	1	2	2	1	2	1	1
G-BMHG15	1	1	1	1	2	2	2	2	2	2	2	2	1	1	2	2	1	1	2	1	1	2	1	1	1	2	1	1	1	2	2	2	1	1	2	2	1	2	1	2	2	2	2	2	1	2	1	1	2	2	1	1	1	2	1	2	1	2	1	2	1	2	1	2	2	2	1	1
G-QEG137	1	2	1	1	1	2	1	2	1	2	1	2	1	2	1	2	1	1	2	2	1	2	1	1	1	1	2	1	1	1	1	2	1	1	2	2	1	2	1	1	1	2	1	2	2	2	1	2	1	2	1	2	1	2	1	2	2	2	1	2	1	1	2	2	2	2	1	2
C902	2	2	1	1	1	1	1	1	1	1	1	1	2	2	1	1	1	2	2	2	1	1	1	1	1	1	2	2	1	1	1	1	1	1	2	2	1	1	1	1	1	1	1	1	2	2	2	2	1	1	2	2	2	2	1	1	2	2	1	1	1	1	2	2	2	2	2	2
G-BMHG103	1	1	1	1	2	2	2	2	2	2	2	2	1	1	2	2	1	1	2	2	2	2	1	2	1	1	1	1	1	1	2	2	1	1	2	2	2	2	1	1	2	2	2	2	2	2	1	1	2	2	1	1	1	1	2	2	2	2	2	2	1	1	2	2	1	2	1	1
G-RDEG58	1	2	1	1	1	2	1	2	1	2	1	2	1	2	1	2	1	1	2	1	1	1	1	1	1	2	1	1	1	2	2	2	1	1	2	2	1	2	1	2	2	2	2	2	1	2	1	1	2	2	1	1	1	2	1	2	1	2	1	2	1	1	1	2	2	2	1	1
C2043	1	1	1	2	2	2	2	2	2	2	2	2	1	1	2	2	1	1	1	2	1	2	1	1	1	2	1	1	1	2	2	2	1	2	2	2	1	2	1	2	2	2	2	2	1	2	1	1	2	2	1	1	1	2	1	2	1	2	1	2	1	2	1	2	2	2	1	1
C3035	1	1	1	2	2	2	2	2	2	2	2	2	1	1	2	2	1	1	1	1	1	1	1	1	1	2	1	1	2	2	2	2	1	2	2	2	1	1	2	2	2	2	2	2	1	1	1	1	2	2	1	1	2	2	1	1	1	1	1	1	2	2	1	1	2	2	1	1
C24	2	2	1	1	1	1	1	1	1	1	1	1	2	2	1	1	1	1	2	2	1	1	1	1	1	1	2	2	1	1	1	1	1	1	2	2	1	1	1	1	1	1	1	1	2	2	2	2	1	1	2	2	2	2	1	1	2	2	1	1	1	1	2	2	2	2	1	2
G-QEG348	1	2	1	1	1	2	1	2	1	2	1	2	1	2	1	2	1	2	2	2	1	2	1	1	1	1	2	1	1	1	1	2	1	1	2	2	1	2	1	1	1	2	1	2	1	2	1	1	2	2	1	1	1	2	1	2	1	2	1	2	1	2	1	2	2	2	1	1
G-C372	1	1	1	1	2	2	2	2	2	2	2	2	1	1	2	2	1	1	2	2	1	2	1	2	1	1	1	1	1	1	2	2	1	1	2	2	2	2	1	1	2	2	2	2	2	2	1	1	2	2	1	1	1	1	2	2	2	2	2	2	1	2	1	2	1	2	1	1
G-C338	1	2	1	1	1	2	1	2	1	2	1	2	1	2	1	2	1	1	2	2	1	2	1	2	1	1	2	1	1	1	1	2	1	1	2	2	1	2	1	1	1	2	1	2	2	2	1	2	1	2	1	2	1	2	1	2	2	2	1	2	1	1	2	2	1	2	1	2
C722	1	2	1	1	1	2	1	2	1	2	1	2	1	2	1	2	1	1	2	2	1	2	1	1	1	1	1	2	1	1	1	2	1	1	2	2	1	2	1	1	1	2	1	2	2	2	1	2	1	2	1	2	1	2	1	2	2	2	1	2	1	1	2	2	1	2	1	2
