G-C265	1	1	1	1	2	2	2	2	2	2	2	2	1	1	2	2	1	1	2	1	1	2	1	2	1	2	1	1	1	2	2	2	1	1	2	2	1	2	1	2	2	2	2	2	1	2	1	1	2	2	1	1	1	2	1	2	1	2	1	2	1	2	1	2	1	2	1	1
C2080	1	1	1	1	2	2	2	2	2	2	2	2	1	1	2	2	1	1	2	2	2	2	1	1	1	1	1	1	1	1	2	2	1	1	1	2	2	2	1	1	2	2	2	2	2	2	1	1	2	2	1	1	1	1	2	2	2	2	2	2	1	1	2	2	2	2	1	1
C919	2	2	1	1	1	1	1	1	1	1	1	1	2	2	1	1	1	1	2	2	1	1	1	1	1	1	1	2	1	1	1	2	1	1	2	2	1	2	1	1	1	2	1	2	2	2	1	2	1	2	1	2	1	2	1	2	2	2	1	2	1	1	2	2	2	2	1	2
C2152	1	1	1	1	2	2	2	2	2	2	2	2	1	1	2	2	1	1	2	2	2	2	1	2	1	1	1	1	1	1	2	2	1	1	2	2	2	2	1	1	2	2	2	2	2	2	1	1	2	2	1	1	1	1	2	2	2	2	2	2	1	1	2	2	1	2	1	1
G-QEG282	1	1	1	1	2	2	2	2	2	2	2	2	1	1	2	2	1	1	2	1	1	2	1	1	1	2	1	1	1	2	2	2	1	1	2	2	1	2	1	2	2	2	2	2	1	2	1	1	2	2	1	1	1	2	1	2	1	2	1	2	1	2	1	2	2	2	1	1
C184	1	2	1	1	1	2	1	2	1	2	1	2	1	2	1	2	1	1	2	2	1	2	1	1	1	1	1	2	1	1	1	2	1	1	2	2	1	2	1	1	1	2	1	2	2	2	1	2	1	2	1	2	1	2	1	2	2	2	1	2	1	1	2	2	1	2	1	2
G-EBHG66	1	1	1	1	2	2	2	2	2	2	2	2	1	1	2	2	1	1	2	1	1	2	1	1	1	1	1	1	1	2	2	2	1	1	1	2	1	2	1	2	2	2	2	2	1	2	1	1	2	2	1	1	1	2	1	2	2	2	1	2	1	2	1	2	2	2	1	1
G-QEG92	1	2	1	1	1	2	1	2	1	2	1	2	1	2	1	2	1	1	2	2	1	2	1	1	1	1	1	1	1	1	2	2	1	1	2	2	2	2	1	1	2	2	2	2	2	2	1	1	2	2	1	1	1	1	2	2	2	2	2	2	1	1	2	2	2	2	1	1
C181	1	1	1	1	2	2	2	2	2	2	2	2	1	1	2	2	1	1	2	2	2	2	1	1	1	1	1	1	1	1	2	2	1	1	2	2	2	2	1	1	2	2	2	2	2	2	1	1	2	2	1	1	1	1	2	2	2	2	2	2	1	1	2	2	2	2	1	1
C114	1	1	1	1	2	2	2	2	2	2	2	2	1	1	2	2	1	1	2	2	2	2	1	2	1	1	1	1	1	1	2	2	1	1	2	2	2	2	1	1	2	2	2	2	2	2	1	1	2	2	1	1	1	1	2	2	2	2	2	2	1	1	2	2	1	2	1	1
G-QEG210	1	1	1	1	2	2	2	2	2	2	2	2	1	1	2	2	1	1	2	2	2	2	1	2	1	1	1	1	1	1	2	2	1	1	2	2	2	2	1	1	2	2	2	2	2	2	1	1	2	2	1	1	1	1	2	2	2	2	2	2	1	1	2	2	1	2	1	1
C735	1	1	1	2	2	2	2	2	2	2	2	2	1	1	2	2	1	1	1	1	1	1	1	1	1	2	1	1	2	2	2	2	1	1	2	2	1	1	2	2	2	2	2	2	1	1	1	1	2	2	1	1	2	2	1	1	1	1	1	1	2	2	1	1	2	2	1	1
G-C303	1	1	1	2	2	2	2	2	2	2	2	2	1	1	2	2	1	1	2	1	1	2	1	2	1	2	1	1	1	2	2	2	1	1	2	2	1	2	1	2	2	2	2	2	1	2	1	1	2	2	1	1	1	2	1	2	1	2	1	2	1	2	1	2	1	2	1	1
G-C420	1	1	1	1	2	2	2	2	2	2	2	2	1	1	2	2	1	1	2	1	1	2	1	1	1	1	1	1	1	2	2	2	1	1	2	2	1	2	1	2	2	2	2	2	1	2	1	1	2	2	1	1	1	2	1	2	1	2	1	2	1	2	1	2	1	2	1	1
C927	1	2	1	1	1	2	1	2	1	2	1	2	1	2	1	2	1	1	1	2	1	1	1	1	1	1	1	2	1	1	1	2	1	1	2	2	1	1	1	2	1	2	1	2	2	2	1	2	1	2	1	2	1	2	1	2	2	2	1	2	1	1	2	2	1	2	1	2
C2175	1	1	1	1	2	2	2	2	2	2	2	2	1	1	2	2	1	1	2	2	2	2	1	2	1	1	1	1	1	1	2	2	1	1	2	2	2	2	1	1	2	2	2	2	2	2	1	1	2	2	1	1	1	1	2	2	2	2	2	2	1	1	2	2	1	2	1	1
G-QEG203	1	1	1	1	2	2	2	2	2	2	2	2	1	1	2	2	1	1	2	1	1	2	1	1	1	1	1	1	1	2	2	2	1	1	2	2	1	2	1	2	2	2	2	2	1	2	1	1	2	2	1	1	1	2	1	2	1	2	1	2	1	2	1	2	1	2	1	1
G-BMHG16	1	1	1	2	2	2	2	2	2	2	2	2	1	1	2	2	1	1	2	1	1	2	1	1	1	2	1	1	1	2	2	2	1	1	2	2	1	2	1	2	2	2	2	2	1	2	1	1	2	2	1	1	1	2	1	2	1	2	1	2	1	2	1	2	2	2	1	1
G-QEG76	1	2	1	1	1	1	1	2	1	1	1	2	1	2	1	2	1	1	2	2	1	2	1	1	1	1	2	1	1	1	1	2	1	1	2	2	1	1	1	1	1	2	1	2	2	2	1	2	1	2	1	2	2	2	1	1	2	2	1	1	1	1	2	2	1	2	1	2
G-C236	1	2	1	1	1	2	1	2	1	2	1	2	1	2	1	2	1	1	2	2	1	2	1	1	1	1	1	1	1	1	2	2	1	1	2	2	2	2	1	1	2	2	2	2	2	2	1	1	2	2	1	1	1	1	2	2	2	2	2	2	1	1	2	2	1	2	1	1
G-BMHG15	1	1	1	1	2	2	2	2	2	2	2	2	1	1	2	2	1	1	2	1	1	2	1	1	1	2	1	1	1	2	2	2	1	1	2	2	1	2	1	2	2	2	2	2	1	2	1	1	2	2	1	1	1	2	1	2	1	2	1	2	1	2	1	2	2	2	1	1
G-QEG137	1	2	1	1	1	2	1	2	1	2	1	2	1	2	1	2	1	1	2	2	1	2	1	1	1	1	2	1	1	1	1	2	1	1	2	2	1	2	1	1	1	2	1	2	2	2	1	2	1	2	1	2	1	2	1	2	2	2	1	2	1	1	2	2	2	2	1	2
C902	2	2	1	1	1	1	1	1	1	1	1	1	2	2	1	1	1	2	2	2	1	1	1	1	1	1	2	2	1	1	1	1	1	1	2	2	1	1	1	1	1	1	1	1	2	2	2	2	1	1	2	2	2	2	1	1	2	2	1	1	1	1	2	2	2	2	2	2
G-BMHG103	1	1	1	1	2	2	2	2	2	2	2	2	1	1	2	2	1	1	2	2	2	2	1	2	1	1	1	1	1	1	2	2	1	1	2	2	2	2	1	1	2	2	2	2	2	2	1	1	2	2	1	1	1	1	2	2	2	2	2	2	1	1	2	2	1	2	1	1
G-RDEG58	1	2	1	1	1	2	1	2	1	2	1	2	1	2	1	2	1	1	2	1	1	1	1	1	1	2	1	1	1	2	2	2	1	1	2	2	1	2	1	2	2	2	2	2	1	2	1	1	2	2	1	1	1	2	1	2	1	2	1	2	1	1	1	2	2	2	1	1
C2043	1	1	1	2	2	2	2	2	2	2	2	2	1	1	2	2	1	1	1	2	1	2	1	1	1	2	1	1	1	2	2	2	1	2	2	2	1	2	1	2	2	2	2	2	1	2	1	1	2	2	1	1	1	2	1	2	1	2	1	2	1	2	1	2	2	2	1	1
C3035	1	1	1	2	2	2	2	2	2	2	2	2	1	1	2	2	1	1	1	1	1	1	1	1	1	2	1	1	2	2	2	2	1	2	2	2	1	1	2	2	2	2	2	2	1	1	1	1	2	2	1	1	2	2	1	1	1	1	1	1	2	2	1	1	2	2	1	1
C24	2	2	1	1	1	1	1	1	1	1	1	1	2	2	1	1	1	1	2	2	1	1	1	1	1	1	2	2	1	1	1	1	1	1	2	2	1	1	1	1	1	1	1	1	2	2	2	2	1	1	2	2	2	2	1	1	2	2	1	1	1	1	2	2	2	2	1	2
G-QEG348	1	2	1	1	1	2	1	2	1	2	1	2	1	2	1	2	1	2	2	2	1	2	1	1	1	1	2	1	1	1	1	2	1	1	2	2	1	2	1	1	1	2	1	2	1	2	1	1	2	2	1	1	1	2	1	2	1	2	1	2	1	2	1	2	2	2	1	1
G-C372	1	1	1	1	2	2	2	2	2	2	2	2	1	1	2	2	1	1	2	2	1	2	1	2	1	1	1	1	1	1	2	2	1	1	2	2	2	2	1	1	2	2	2	2	2	2	1	1	2	2	1	1	1	1	2	2	2	2	2	2	1	2	1	2	1	2	1	1
G-C338	1	2	1	1	1	2	1	2	1	2	1	2	1	2	1	2	1	1	2	2	1	2	1	2	1	1	2	1	1	1	1	2	1	1	2	2	1	2	1	1	1	2	1	2	2	2	1	2	1	2	1	2	1	2	1	2	2	2	1	2	1	1	2	2	1	2	1	2
C722	1	2	1	1	1	2	1	2	1	2	1	2	1	2	1	2	1	1	2	2	1	2	1	1	1	1	1	2	1	1	1	2	1	1	2	2	1	2	1	1	1	2	1	2	2	2	1	2	1	2	1	2	1	2	1	2	2	2	1	2	1	1	2	2	1	2	1	2
G-BMHG119	1	2	1	2	1	2	1	2	1	2	1	2	1	2	1	2	1	1	2	1	1	1	1	1	1	2	2	1	1	2	1	2	1	1	2	2	1	1	1	2	1	2	1	2	1	2	1	2	1	2	1	2	2	2	1	1	1	2	1	1	1	2	1	2	2	2	1	2
C117	1	1	1	1	2	2	2	2	2	2	2	2	1	1	2	2	1	1	1	1	1	1	1	1	1	1	1	1	1	2	2	2	1	1	2	2	1	1	2	2	2	2	2	2	1	1	1	1	2	2	1	1	2	2	1	1	1	1	1	1	2	2	1	1	2	2	1	1
G-QEG335	2	2	1	1	1	1	1	1	1	1	1	2	2	2	1	1	1	1	2	2	1	1	1	1	1	1	2	2	1	1	1	1	1	1	2	2	1	1	1	1	1	1	1	1	2	2	2	2	1	1	2	2	2	2	1	1	2	2	1	1	1	1	2	2	2	2	2	2
C2036	1	2	1	1	1	2	1	2	1	2	1	2	1	2	1	2	1	2	2	2	1	2	1	2	1	1	1	2	1	1	1	2	1	1	2	2	1	2	1	1	1	2	1	2	1	2	1	1	2	2	1	1	1	2	1	2	1	2	1	2	1	2	1	2	1	2	1	1
C955	1	2	1	1	2	2	1	2	2	2	1	2	1	2	1	2	1	1	2	2	1	2	1	1	1	1	1	2	1	1	2	2	1	1	2	2	1	2	1	1	1	2	1	2	2	2	1	1	2	2	1	1	1	2	1	2	2	2	2	2	1	1	2	2	2	2	1	2
C154	1	2	1	1	1	2	1	2	1	2	1	2	1	2	1	2	1	1	2	2	1	2	1	1	1	1	1	2	1	1	1	2	1	1	2	2	1	2	1	1	1	2	1	2	2	2	1	2	1	2	1	2	1	2	1	2	2	2	1	2	1	1	2	2	1	2	1	2
G-QEG25	1	2	1	2	1	2	1	2	1	2	1	2	1	2	1	2	1	1	2	1	1	1	1	1	1	2	2	1	1	2	1	2	1	1	2	2	1	1	1	2	1	2	1	2	1	2	1	2	1	2	1	2	2	2	1	1	1	2	1	1	1	2	1	2	2	2	1	2
C908	1	2	1	1	1	2	1	2	1	2	1	2	1	2	1	2	1	1	2	2	1	2	1	1	1	1	1	1	1	1	2	2	1	1	2	2	2	2	1	1	2	2	2	2	2	2	1	1	2	2	1	1	1	1	2	2	2	2	2	2	1	1	2	2	2	2	1	1
C969	1	1	1	1	2	2	2	2	2	2	2	2	1	1	2	2	1	1	2	2	2	2	1	2	1	1	1	1	1	1	2	2	1	1	2	2	2	2	1	1	2	2	2	2	2	2	1	1	2	2	1	1	1	1	2	2	2	2	2	2	1	1	2	2	1	2	1	1
C971	2	2	1	1	1	1	1	1	1	1	1	1	2	2	1	1	1	1	2	2	1	1	1	1	1	1	2	2	1	1	1	1	1	1	2	2	1	1	1	1	1	1	1	1	2	2	2	2	1	1	2	2	2	2	1	1	2	2	1	1	1	1	2	2	2	2	2	2
G-QEG338	2	2	1	1	1	1	1	1	1	1	1	1	2	2	1	1	1	1	2	2	1	1	1	1	1	1	2	2	1	1	1	1	1	1	2	2	1	1	1	1	1	1	1	1	2	2	2	2	1	1	2	2	2	2	1	1	2	2	1	2	1	1	2	2	2	2	2	2
G-QEG177	1	1	1	1	1	2	1	2	1	2	1	2	1	2	1	2	1	1	2	2	1	2	1	2	1	1	2	1	1	1	1	2	1	1	2	2	1	2	1	1	1	2	1	2	2	2	1	2	1	2	1	2	1	2	1	2	2	2	1	2	1	2	1	2	1	2	1	1
G-RDEG27	2	2	1	1	1	1	1	1	1	1	1	1	2	2	1	1	1	1	2	2	1	1	1	1	1	1	2	2	1	1	1	1	1	1	2	2	1	1	1	1	1	1	1	1	2	2	2	2	1	1	2	2	2	2	1	1	2	2	1	1	1	1	2	2	2	2	2	2
G-C316	1	2	1	1	1	2	1	2	1	2	1	2	1	2	1	2	1	1	2	2	1	2	1	2	1	1	2	1	1	1	1	2	1	1	2	2	1	2	1	1	1	2	1	2	2	2	1	2	1	2	1	2	1	2	1	2	2	2	1	2	1	1	2	2	1	2	1	2
G-C217	1	1	1	1	2	2	2	2	2	2	2	2	1	1	2	2	1	1	2	1	2	2	1	1	1	2	1	1	1	2	2	2	1	1	2	2	1	2	1	2	2	2	2	2	1	2	1	1	2	2	1	1	1	2	1	2	1	2	1	2	1	2	1	2	1	2	1	1
G-C226	1	2	1	1	1	2	1	2	1	2	1	2	1	2	1	2	1	1	2	2	1	2	1	1	1	1	2	1	1	1	1	2	1	1	2	2	1	2	1	1	1	2	1	2	2	2	1	2	1	2	1	2	1	2	1	2	2	2	1	2	1	1	2	2	2	2	1	2
G-EBHG15	1	1	1	1	2	2	2	2	2	2	2	2	1	1	2	2	1	1	2	2	2	2	1	2	1	1	1	1	1	1	2	2	1	1	2	2	2	2	1	1	2	2	2	2	2	2	1	1	2	2	1	1	1	1	2	2	2	2	2	2	1	1	2	2	1	2	1	1
G-QEG13	1	2	1	1	1	2	1	2	1	2	1	2	1	2	1	2	1	1	2	2	1	2	1	1	1	1	2	1	1	1	1	2	1	1	2	2	1	2	1	1	1	2	1	2	2	2	1	2	1	2	1	2	1	2	1	2	2	2	1	2	1	1	2	2	2	2	1	2
G-QEG337	1	2	1	1	1	2	1	2	1	2	1	2	1	2	1	2	1	1	2	2	1	2	1	1	1	1	2	1	1	1	1	2	1	1	2	2	1	2	1	1	1	2	1	2	2	2	1	2	1	1	1	2	1	2	1	2	2	2	1	2	1	1	2	2	2	2	1	2
G-C427	1	2	1	2	1	2	1	2	1	2	1	2	1	2	1	2	1	1	2	2	1	2	1	1	1	1	2	1	1	1	1	2	1	1	2	2	1	2	1	1	1	2	1	2	2	2	1	2	1	2	1	2	1	2	1	2	2	2	1	2	1	1	2	2	2	2	1	2
G-RDEG14	1	2	1	1	1	2	1	2	1	2	1	2	1	2	1	2	1	2	2	2	1	2	1	1	1	1	2	1	1	1	1	2	1	1	2	2	1	2	1	1	1	2	1	2	1	2	1	1	2	2	1	1	1	2	1	2	1	2	1	2	1	2	1	2	2	2	1	1
G-QEG275	1	1	1	1	2	2	2	2	2	2	2	2	1	1	2	2	1	1	2	1	1	2	1	2	1	1	1	1	1	1	2	2	1	1	2	2	1	2	1	2	2	2	2	2	2	2	1	1	2	2	1	1	1	1	2	2	2	2	2	2	1	1	2	2	1	1	1	1
G-C1	1	2	1	1	1	2	1	2	1	2	1	2	1	2	1	2	1	1	2	2	1	2	1	1	1	1	1	1	1	1	2	2	1	1	2	2	2	2	1	1	2	2	2	2	2	2	1	1	2	2	1	1	1	1	2	2	2	2	2	2	1	1	2	2	1	2	1	1
C116	1	2	1	1	1	2	1	2	1	2	1	2	1	2	1	2	1	1	1	2	1	1	1	1	1	2	1	2	1	2	1	2	1	1	2	2	1	1	1	2	1	2	1	2	1	2	1	2	1	2	1	2	2	2	1	1	1	2	1	1	1	2	1	2	2	2	1	2
G-RDEG35	1	2	1	1	1	2	1	2	1	2	1	2	1	2	1	2	1	2	2	2	1	2	1	1	1	1	2	1	1	1	1	2	1	1	2	2	1	2	1	1	1	2	1	2	2	2	1	2	1	2	1	2	1	2	1	2	2	2	1	2	1	1	2	2	2	2	1	2
G-C341	1	1	1	1	2	2	2	2	2	2	2	2	1	1	2	2	1	1	2	1	1	2	1	2	1	2	1	1	1	2	2	2	1	1	2	2	1	2	1	2	2	2	2	2	1	2	1	1	2	2	1	1	1	2	1	2	1	2	1	2	1	2	1	2	1	2	1	1
C1010	1	1	1	1	2	2	2	2	2	2	2	2	1	1	2	2	1	1	1	2	1	2	1	1	1	1	1	1	1	2	2	2	1	1	2	2	1	2	1	2	2	2	2	2	1	2	1	1	2	2	1	1	1	2	1	2	1	2	1	2	1	2	1	2	2	2	1	1
G-QEG52	1	2	1	1	1	2	1	2	1	2	1	2	1	2	1	2	1	1	2	2	1	2	1	2	1	1	2	1	1	1	1	2	1	1	2	2	1	2	1	1	1	2	1	2	2	2	1	2	1	2	1	2	1	2	1	2	2	2	1	2	1	1	2	2	1	2	1	2
G-RDEG9	1	1	1	1	1	2	1	2	1	2	1	2	1	2	1	2	1	1	2	2	1	2	1	1	1	1	2	1	1	1	1	2	1	1	2	2	1	2	1	1	1	2	1	2	2	2	1	2	1	2	1	2	1	2	1	2	2	2	1	2	1	2	1	2	2	2	1	1
G-QEG217	1	2	1	1	1	2	1	2	1	2	1	2	1	2	1	2	1	1	2	1	1	1	1	1	1	2	2	1	1	2	1	2	1	1	2	2	1	1	1	2	1	2	1	2	1	2	1	2	1	2	1	2	2	2	1	1	1	2	1	1	1	2	1	2	2	2	1	2
G-QEG329	1	2	1	1	1	2	1	2	1	2	1	2	1	2	1	2	1	1	2	2	1	2	1	1	1	1	1	1	1	1	2	2	1	1	2	2	2	2	1	1	2	2	2	2	2	2	1	1	2	2	1	1	1	1	2	2	2	2	2	2	1	1	2	2	1	2	1	1
G-C339	1	1	1	1	2	2	2	2	2	2	2	2	1	1	2	2	1	1	2	2	2	2	1	2	1	1	1	1	1	1	2	2	1	1	2	2	2	2	1	1	2	2	2	2	2	2	1	1	2	2	1	1	1	1	2	2	2	2	2	2	1	1	2	2	1	2	1	1
G-C154	1	2	1	1	1	2	1	2	1	2	1	2	1	2	1	2	1	2	2	2	1	2	1	2	1	1	2	1	1	1	1	2	1	1	2	2	1	2	1	1	1	2	1	2	1	2	1	1	2	2	1	1	1	2	1	2	1	2	1	2	1	2	1	2	1	2	1	1
C74	1	2	1	1	1	2	1	2	1	2	1	2	1	2	1	2	1	1	2	2	1	2	1	1	1	1	1	2	1	1	1	2	1	1	2	2	1	2	1	1	1	2	1	2	2	2	1	2	1	2	1	2	1	2	1	2	2	2	1	2	1	1	2	2	2	2	1	2
G-BMHG107	1	2	1	1	1	2	1	2	1	2	1	2	1	2	1	2	1	1	2	1	1	1	1	1	1	1	2	1	1	2	1	2	1	1	2	2	1	1	1	2	1	2	1	2	1	2	1	2	1	2	1	2	2	2	1	1	1	2	1	1	1	2	1	2	2	2	1	2
G-C143	1	1	1	1	2	2	2	2	2	2	2	2	1	1	2	2	1	1	2	2	1	1	1	1	1	1	1	1	1	1	2	2	1	1	1	2	2	2	1	1	2	2	2	2	2	2	1	1	2	2	1	1	1	1	2	2	2	2	2	2	1	1	2	2	2	2	1	1
G-C223	1	1	1	1	2	2	2	2	2	2	2	2	1	1	2	2	1	1	2	2	2	2	1	2	1	1	1	1	1	1	2	2	1	1	2	2	2	2	1	1	2	2	2	2	2	2	1	1	2	2	1	1	1	1	2	2	2	2	2	2	1	1	2	2	1	2	1	1
G-C245	1	2	1	1	1	2	1	2	1	2	1	2	1	2	1	2	1	1	2	2	1	2	1	1	1	1	2	1	1	1	1	2	1	1	2	2	1	2	1	1	1	2	1	2	2	2	1	2	1	2	1	2	1	2	1	2	2	2	1	2	1	1	2	2	2	2	1	2
C112	2	2	1	1	1	1	1	1	1	1	1	1	2	2	1	1	1	1	2	2	1	1	1	1	1	1	2	2	1	1	1	1	1	1	2	2	1	1	1	1	1	1	1	1	2	2	2	2	1	1	2	2	2	2	1	1	2	2	1	1	1	1	2	2	2	2	2	2
C726	1	1	1	1	2	2	2	2	2	2	2	2	1	1	2	2	1	1	1	2	1	2	1	1	1	1	1	1	1	2	2	2	1	1	2	2	1	2	1	2	2	2	2	2	1	2	1	1	2	2	1	1	1	2	1	2	1	2	1	2	1	2	1	2	2	2	1	1
G-BMHG44	1	1	1	1	1	2	1	2	1	2	1	2	1	2	1	2	1	1	2	1	1	1	1	1	1	2	1	1	1	2	1	2	1	1	2	2	1	1	1	2	1	2	1	2	1	2	1	2	1	2	1	2	2	2	1	1	1	2	1	1	2	2	1	1	2	2	1	1
G-QEG101	1	2	1	1	1	2	1	2	1	2	1	2	1	2	1	2	1	1	2	2	1	2	1	2	1	1	2	1	1	1	1	2	1	1	2	2	1	2	1	1	1	2	1	2	2	2	1	2	1	2	1	2	1	2	1	2	2	2	1	2	1	1	2	2	1	2	1	2
G-BMHG105	1	2	1	1	2	2	1	2	2	2	1	2	1	2	1	2	1	1	2	2	1	2	1	1	1	1	2	1	1	1	2	2	1	1	2	2	1	2	1	1	1	2	1	2	2	2	1	1	2	2	1	1	1	2	1	2	2	2	2	2	1	1	2	2	2	2	1	2
C847	1	2	1	1	1	2	1	2	1	2	1	2	1	2	1	2	1	1	2	2	1	2	1	2	1	1	1	2	1	1	1	2	1	1	2	2	1	2	1	1	1	2	1	2	2	2	1	2	2	2	1	2	1	2	1	2	2	2	1	2	1	1	2	2	1	2	1	2
G-QEG336	1	1	1	1	2	2	2	2	2	2	2	2	1	1	2	2	1	1	2	2	2	2	1	1	1	1	1	1	1	1	2	2	1	1	2	2	2	2	1	1	2	2	2	2	2	2	1	1	2	2	1	1	1	1	2	2	2	2	2	2	1	1	2	2	2	2	1	1
C12	1	2	1	1	1	2	1	2	1	2	1	2	1	2	1	2	1	2	2	2	1	2	1	1	1	1	1	2	1	1	1	2	1	1	2	2	1	2	1	1	1	2	1	2	1	2	1	1	2	2	1	1	1	2	1	2	1	2	1	2	1	1	1	2	2	2	1	1
C156	1	1	1	1	2	2	2	2	2	2	2	2	1	1	2	2	1	1	2	2	2	2	1	1	1	1	1	1	1	1	2	2	1	1	2	2	2	2	1	1	2	2	2	2	2	2	1	1	2	2	1	1	1	1	2	2	2	2	2	2	1	1	2	2	2	2	1	1
G-RDEG85	1	2	1	2	1	2	1	2	1	2	1	2	1	2	1	2	1	1	2	1	1	1	1	1	1	2	2	1	1	2	1	2	1	2	2	2	1	1	1	2	1	2	1	2	1	2	1	2	1	2	1	2	2	2	1	1	1	2	1	1	1	2	1	2	2	2	1	2
C41	1	1	1	1	2	2	2	2	2	2	2	2	1	1	2	2	1	1	1	2	1	2	1	2	1	2	1	1	1	2	2	2	1	1	2	2	1	2	1	2	2	2	2	2	1	2	1	1	2	2	1	1	1	2	1	2	1	2	1	2	1	2	1	2	1	2	1	1
C2095	1	1	1	1	2	2	2	2	2	2	2	2	1	1	2	2	1	1	2	2	2	2	1	1	1	1	1	1	1	1	2	2	1	1	2	2	2	2	1	1	2	2	2	2	2	2	1	1	2	2	1	1	1	1	2	2	2	2	2	2	1	1	2	2	2	2	1	1
C206	1	2	1	1	1	2	1	2	1	2	1	2	1	2	1	2	1	1	2	2	1	2	1	1	1	1	1	2	1	1	1	2	1	1	2	2	1	2	1	1	1	2	1	2	2	2	1	2	1	2	1	2	1	2	1	2	2	2	1	2	1	1	2	2	2	2	1	2
G-QEG39	1	2	1	1	1	2	1	2	1	2	1	2	1	2	1	2	1	1	2	1	1	1	1	1	1	2	1	1	1	2	2	2	1	1	2	2	1	2	1	2	2	2	2	2	1	2	1	1	2	2	1	1	1	2	1	2	1	2	1	2	1	2	1	2	2	2	1	1
G-C242	1	1	1	1	2	2	2	2	2	2	2	2	1	1	2	2	1	1	2	2	2	2	1	2	1	1	1	1	1	1	2	2	1	1	2	2	2	2	1	1	2	2	2	2	2	2	1	1	2	2	1	1	1	1	2	2	2	2	2	2	1	1	2	2	1	2	1	1
G-C178	1	2	1	1	1	2	1	2	2	2	1	2	1	2	1	2	1	1	2	2	1	2	1	1	1	1	2	1	1	1	1	2	1	1	2	2	1	2	1	1	1	2	1	2	2	2	1	2	1	2	1	2	1	2	1	2	2	2	1	2	1	1	2	2	2	2	1	2
G-QEG46	1	2	1	1	1	2	1	2	1	2	1	2	1	2	1	2	1	1	2	1	1	1	1	1	1	2	2	1	1	2	1	2	1	1	2	2	1	1	1	2	1	2	1	2	1	2	1	2	1	2	1	2	2	2	1	1	1	2	1	1	1	2	1	2	2	2	1	2
G-C300	1	1	1	1	2	2	2	2	2	2	2	2	1	1	2	2	1	1	2	2	1	2	1	2	1	1	1	1	1	1	2	2	1	1	2	2	2	2	1	1	2	2	2	2	2	2	1	1	2	2	1	1	1	1	2	2	2	2	2	2	1	1	2	2	1	2	1	1
G-C198	1	1	1	1	2	2	2	2	2	2	2	2	1	1	2	2	1	1	2	2	2	2	1	1	1	1	1	1	1	1	2	2	1	1	2	2	2	2	1	1	2	2	2	2	2	2	1	1	2	2	1	1	1	1	2	2	2	2	2	2	1	1	2	2	2	2	1	1
G-RDEG11	1	2	1	1	1	2	1	2	1	2	1	2	1	2	1	2	1	2	2	2	1	2	1	2	1	1	2	1	1	1	1	2	1	1	2	2	1	2	1	1	1	2	1	2	1	2	1	1	2	2	1	1	1	2	1	2	1	2	1	2	1	2	1	2	1	2	1	1
C930	2	2	1	1	1	1	1	1	1	1	1	1	2	2	1	1	1	1	2	2	1	1	1	1	1	1	2	2	1	1	1	1	1	1	2	2	1	1	1	1	1	1	1	1	2	2	2	2	1	1	2	2	2	2	1	1	2	2	1	1	1	1	1	2	2	2	2	2
G-EBHG58	1	1	1	2	2	2	2	2	2	2	2	2	1	1	2	2	1	1	1	1	1	1	1	1	2	2	1	1	2	2	2	2	1	1	2	2	1	1	2	2	2	2	2	2	1	1	1	1	2	2	1	1	2	2	1	1	1	1	1	1	2	2	1	1	2	2	1	1
G-RDEG29	1	1	1	1	2	2	2	2	2	2	2	2	1	1	2	2	1	1	2	1	1	2	1	1	1	1	1	1	1	1	2	2	1	1	2	2	1	2	1	1	2	2	2	2	1	2	1	1	2	2	1	1	1	2	1	2	2	2	2	2	1	1	2	2	2	2	1	1
G-QEG9	1	1	1	1	2	2	2	2	2	2	2	2	1	1	2	2	1	1	2	2	2	2	1	1	1	1	1	1	1	1	2	2	1	1	2	2	2	2	1	1	2	2	2	2	2	2	1	1	2	2	1	1	1	1	2	2	2	2	2	2	1	1	2	2	2	2	1	1
G-QEG29	1	2	1	1	1	2	1	2	1	2	1	2	1	2	1	2	1	1	2	2	1	2	1	1	1	1	2	1	1	1	1	2	1	1	2	2	1	2	1	1	1	2	1	2	2	2	1	2	1	2	1	2	1	2	1	2	2	2	1	2	1	1	2	2	2	2	1	2
C743	1	1	1	2	1	2	1	2	1	2	1	2	1	2	1	2	1	1	1	2	1	1	1	1	1	2	1	2	1	2	1	2	1	1	2	2	1	1	1	2	1	2	1	2	1	2	1	2	1	2	1	2	2	2	1	1	1	2	1	1	2	2	1	1	2	2	1	1
